Jet1PT
0.000000e+00
0.000000e+00
0.000000e+00
2.767922e-05
1.093410e-04
2.546165e-04
5.370741e-04
9.743573e-04
1.486018e-03
1.963849e-03
2.351034e-03
2.586308e-03
2.645227e-03
2.575867e-03
2.435286e-03
2.253024e-03
2.008929e-03
1.791704e-03
1.566871e-03
1.379591e-03
1.236177e-03
1.070506e-03
9.334049e-04
8.526334e-04
7.865918e-04
7.054155e-04
6.529707e-04
6.019017e-04
5.548794e-04
5.041342e-04
4.580831e-04
4.198016e-04
3.819247e-04
3.409724e-04
3.166115e-04
2.930599e-04
2.599581e-04
2.393201e-04
2.253995e-04
1.986106e-04
1.868752e-04
1.736022e-04
1.553112e-04
1.409051e-04
1.283604e-04
1.168678e-04
1.089364e-04
9.946715e-05
9.218315e-05
9.161661e-05
7.988127e-05
1.097457e-03
