lepMinusPT
0.000000e+00
0.000000e+00
4.054764e-04
8.702769e-04
1.059661e-03
9.903011e-04
8.858161e-04
8.036687e-04
6.744181e-04
5.678288e-04
4.835771e-04
4.053145e-04
3.232480e-04
2.835097e-04
2.302555e-04
1.847710e-04
1.475416e-04
1.218857e-04
1.019761e-04
8.959328e-05
7.000739e-05
5.657245e-05
5.147364e-05
4.297564e-05
3.358736e-05
2.792202e-05
2.549402e-05
2.071895e-05
1.756255e-05
1.537735e-05
1.408241e-05
1.270654e-05
1.035948e-05
9.226408e-06
7.284006e-06
6.070005e-06
5.341605e-06
6.231872e-06
5.341605e-06
4.694137e-06
4.046670e-06
3.803870e-06
2.185202e-06
3.480136e-06
2.751736e-06
2.023335e-06
2.023335e-06
1.537735e-06
1.942402e-06
8.902674e-07
9.712008e-07
1.472988e-05
