lepPlusPT
0.000000e+00
0.000000e+00
4.064476e-04
7.924999e-04
9.204556e-04
8.922908e-04
7.903956e-04
6.982934e-04
5.964792e-04
5.113372e-04
4.367976e-04
3.513319e-04
2.938692e-04
2.432858e-04
2.007958e-04
1.706076e-04
1.350779e-04
1.068321e-04
9.388275e-05
7.526807e-05
6.604166e-05
5.179738e-05
4.451337e-05
3.674377e-05
2.881229e-05
2.533216e-05
2.015242e-05
1.885748e-05
1.699601e-05
1.319214e-05
1.238281e-05
1.100694e-05
8.821741e-06
8.093340e-06
6.960273e-06
5.665338e-06
5.503471e-06
4.208537e-06
3.480136e-06
3.399203e-06
2.428002e-06
3.803870e-06
2.832669e-06
1.780535e-06
2.266135e-06
9.712008e-07
1.537735e-06
1.375868e-06
1.537735e-06
8.902674e-07
1.618668e-06
1.076414e-05
