MET
0.000000e+00
1.317596e-04
4.038577e-04
6.428540e-04
8.845212e-04
1.091063e-03 
1.286436e-03
1.455021e-03
1.584271e-03
1.685519e-03
1.780616e-03
1.844068e-03
1.882916e-03
1.880002e-03
1.861954e-03
1.868914e-03
1.824725e-03
1.751723e-03
1.674674e-03 
1.580953e-03
1.514102e-03 
1.401686e-03
1.276158e-03
1.179847e-03
1.080542e-03
9.521006e-04
8.189651e-04
7.025829e-04
6.024683e-04
5.222633e-04
4.375260e-04
3.812773e-04
3.209819e-04
2.699129e-04
2.351925e-04
1.956160e-04
1.707695e-04
1.467323e-04
1.298172e-04
1.141161e-04
9.558235e-05
8.587034e-05
7.599647e-05
7.154513e-05
5.900045e-05
5.414445e-05
4.864098e-05
4.014297e-05
3.423483e-05
3.196869e-05
2.784109e-05
2.732312e-04
